Vernier Format 2
biela-manivela-20Hz-22-05-2024.cmbl 22/04/2025 11:31:55 .
Último
Tiempo	Angulo	Velocidad 1	Aceleración 1	Posición	Velocidad 2	Aceleración 2
t	Angulo	v 1	a 1	x	v 2	a 2
s	rad	rad/s	rad/s²	m	m/s	m/s²

0.05	-0.209439510239	-3.76215416542	0.662578697572	0.3105865	0.241052777778	-0.104847901235
0.1	-0.401425727959	-3.69912838687	-0.21008592848	0.322763	0.236860555556	-0.137316450617
0.15	-0.575958653158	-3.72336907093	-1.47544963623	0.3345965	0.2296385	-0.188427685185
0.2	-0.767944870878	-3.84942062802	-2.72842366098	0.3459155	0.2186625	-0.254328148148
0.25	-0.959931088597	-4.01425727961	-3.86504240206	0.3565485	0.204466111111	-0.338426666667
0.3	-1.16937059884	-4.21787902566	-5.30601639833	0.3664955	0.186363333333	-0.465283734568
0.35	-1.37881010908	-4.49907096064	-7.22911066684	0.3754135	0.161305277778	-0.668056018519
0.4	-1.60570291183	-5.01297346262	-7.44997023328	0.383131	0.123384722222	-0.943355864198
0.45	-1.88495559215	-5.4202169548	-4.17478447667	0.388619	0.0664086111111	-1.19578904321
0.5	-2.16420827247	-5.48809087017	0.355530032549	0.390334	-0.00285833333333	-1.30445864198
0.55	-2.44346095279	-5.3232542186	3.60378169616	0.388276	-0.0718394444444	-1.24538641975
0.6	-2.70526034059	-4.98388464182	3.82464126208	0.3826165	-0.130435277778	-1.10728657407
0.65	-2.93215314335	-4.81904799024	1.42750694994	0.374899	-0.181027777778	-0.981996296296
0.7	-3.17649923863	-4.86752935836	-0.904985538071	0.3644375	-0.227809166667	-0.867239506173
0.75	-3.42084533391	-4.93540327371	-2.92504254268	0.351918	-0.269159722222	-0.719929475309
0.8	-3.66519142919	-5.12932874616	-5.34911094815	0.337169	-0.302125833333	-0.499784876543
0.85	-3.92699081699	-5.46869832293	-7.58464069978	0.321391	-0.324611388889	-0.126507716049
0.9	-4.20624349731	-5.9438157304	-8.32263485861	0.3040695	-0.3267075	0.510318364198
0.95	-4.52040276267	-6.41893313784	-6.11942601908	0.2869195	-0.284880555556	1.35649089506
1	-4.85201532054	-6.73891016737	-0.0969627365031	0.273028	-0.187125555556	2.0836191358
1.05	-5.21853446346	-6.53528842136	7.72469798524	0.266511	-0.053165	2.30731018519
1.1	-5.53269372882	-5.78867535246	11.8563879122	0.2683975	0.0689811111111	1.98341867284
1.15	-5.79449311662	-5.0614548308	10.1056718417	0.2752575	0.153397222222	1.43970015432
1.2	-6.02138591938	-4.66390761229	5.52687596465	0.285033	0.2066575	0.980249537037
1.25	-6.24827872214	-4.56694487607	1.68068742785	0.296352	0.244863888889	0.651170679012
1.3	-6.4751715249	-4.57664114969	-0.447105950355	0.3099005	0.271160555556	0.356815277778
1.35	-6.70206432766	-4.67360388591	-1.12584510389	0.324135	0.281545833333	0.0570078703704
1.4	-6.94641042294	-4.7123889804	-1.19048692796	0.3387125	0.276115	-0.227396296296
1.45	-7.1733032257	-4.76087034851	-1.62143242211	0.352261	0.257154722222	-0.480358796296
1.5	-7.41764932098	-4.88692190558	-1.63220605927	0.3647805	0.227809166667	-0.721093981481
1.55	-7.66199541626	-4.99358091537	-0.350143213855	0.375585	0.185124722222	-0.949284259259
1.6	-7.92379480405	-4.96449209451	1.58372469135	0.383817	0.130530555556	-1.11787299383
1.65	-8.16814089933	-4.76087034849	2.04160427888	0.388962	0.0686	-1.18642006173
1.7	-8.39503370209	-4.64451506504	0.280114571037	0.3905055	0.008575	-1.18112685185
1.75	-8.62192650485	-4.73178152764	-1.6429796972	0.389648	-0.0485916666667	-1.17715694444
1.8	-8.86627260013	-4.87722563198	-2.33787930668	0.385875	-0.108997777778	-1.16747037037
1.85	-9.11061869541	-5.01297346269	-2.11701974068	0.378672	-0.167593611111	-1.11252685185
1.9	-9.37241808321	-5.07115110442	-2.2301429325	0.3688965	-0.221616111111	-1.01936635802
1.95	-9.61676417849	-5.15841756698	-3.81386762358	0.356377	-0.271255833333	-0.872479783951
2	-9.87856356629	-5.42991322831	-5.99014236987	0.3414565	-0.312415833333	-0.626557253086
2.05	-10.1578162466	-5.77897907856	-7.80011344806	0.3246495	-0.340236944444	-0.20839367284
2.1	-10.4545222194	-6.2153113918	-8.75896717469	0.306642	-0.344333888889	0.469878240741
2.15	-10.7686814848	-6.77769526206	-6.56653197128	0.2886345	-0.306413333333	1.39470787037
2.2	-11.1352006277	-7.18493875422	1.34670467016	0.273028	-0.203989722222	2.24871435185
2.25	-11.5366263557	-6.67103625217	9.59392406937	0.2659965	-0.0551658333333	2.54079367284
2.3	-11.815879036	-5.846852994	10.9083078258	0.2683975	0.0797475	2.19424722222
2.35	-12.0951317163	-5.42021695472	8.52733396685	0.2759435	0.173977222222	1.57568271605
2.4	-12.3569311041	-5.06145483094	6.46956923117	0.287091	0.234288055556	0.975432716049
2.45	-12.6012771994	-4.77056662244	4.27713403157	0.300468	0.266110833333	0.49650308642
2.5	-12.8281700022	-4.60572997056	1.73455561657	0.314531	0.277544166667	0.167424228395
2.55	-13.0550628049	-4.59603369689	-0.764928251636	0.328594	0.278020555556	-0.0537260802469
2.6	-13.2819556077	-4.72208525417	-2.38636067207	0.3424855	0.272018055556	-0.263601851852
2.65	-13.526301703	-4.88692190522	-2.75266434173	0.3562055	0.254963333333	-0.531067746914
2.7	-13.7706477982	-5.04206228306	-2.00389655015	0.368725	0.220758611111	-0.830028240741
2.75	-14.032447186	-5.13902501967	-0.269340938518	0.379015	0.169499166667	-1.07584490741
2.8	-14.2942465738	-5.05175855733	1.03426918244	0.3860465	0.108521388889	-1.21944969136
2.85	-14.5385926691	-4.94509954767	0.581776415617	0.389991	0.0436372222222	-1.27074089506
2.9	-14.7829387644	-4.94509954767	-0.86189098787	0.390334	-0.0203894444444	-1.27079382716
2.95	-15.0272848597	-5.061454831	-1.82613153012	0.387933	-0.0838444444444	-1.25120895062
3	-15.2890842475	-5.18750638794	-1.70762151932	0.3819305	-0.146346666667	-1.20722237654
3.05	-15.5508836353	-5.235987756	-1.48676195392	0.373184	-0.205990555556	-1.12401311728
3.1	-15.8126830231	-5.28446912406	-2.24091656898	0.361179	-0.261156388889	-0.973950617284
3.15	-16.0744824109	-5.42991322828	-3.70613124988	0.346773	-0.307747222222	-0.71214845679
3.2	-16.3537350912	-5.64323124789	-5.37065822275	0.3297945	-0.338617222222	-0.292026388889
3.25	-16.6329877715	-5.98260082483	-6.33489876583	0.3119585	-0.344333888889	0.311029012346
3.3	-16.9471470369	-6.38984431672	-4.64882451923	0.2941225	-0.316036388889	1.08404938272
3.35	-17.2787595947	-6.61285860994	0.393237760339	0.278173	-0.237718055556	1.85140601852
3.4	-17.6278254451	-6.41893313806	6.57730560247	0.268226	-0.114619166667	2.25644243827
3.45	-17.9419847105	-5.79837162639	9.54544269784	0.2666825	0.012005	2.14666126543
3.5	-18.2037840983	-5.22629148261	7.70315071247	0.2707985	0.112141944444	1.73807839506
3.55	-18.4481301936	-4.96449209472	4.1963317546	0.2790305	0.18522	1.29027283951
3.6	-18.6924762889	-4.88692190528	1.88538653957	0.2900065	0.238289722222	0.89052962963
3.65	-18.9368223841	-4.84813681083	0.915759171821	0.303555	0.273161388889	0.528368209877
3.7	-19.1811684794	-4.77056662244	-0.328595943673	0.3181325	0.289072777778	0.212575308642
3.75	-19.4080612822	-4.81904799067	-2.42945522414	0.3328815	0.292693333333	-0.0741578703704
3.8	-19.6524073775	-5.061454831	-3.39369576472	0.347802	0.283737222222	-0.39831404321
3.85	-19.9142067653	-5.29416539767	-1.69146106241	0.3620365	0.255725555556	-0.765027623457
3.9	-20.1934594456	-5.30386167122	1.5729510554	0.3743845	0.205133055556	-1.07552731481
3.95	-20.4552588334	-5.080847378	3.94853809312	0.383131	0.140725277778	-1.22220216049
4	-20.6996049287	-4.84813681078	4.91816545488	0.3884475	0.0753647222222	-1.19938842593
4.05	-20.9439510239	-4.54755232861	4.61650360719	0.390334	0.0168641666667	-1.0846845679
4.1	-21.1533905342	-4.29544921456	2.35942658151	0.389648	-0.0317275	-0.990041975309
4.15	-21.3628300444	-4.26636039339	-0.808022803642	0.3870755	-0.0778419444444	-0.97755
4.2	-21.5722695546	-4.41180449811	-3.2967330363	0.382102	-0.1277675	-1.00385725309
4.25	-21.7991623574	-4.67360388628	-4.2286526658	0.3743845	-0.179598611111	-1.00560401235
4.3	-22.0435084527	-4.87722563233	-4.26636039293	0.3640945	-0.230476944444	-0.952936574074
4.35	-22.287854548	-5.07115110461	-4.86429726414	0.351232	-0.278020555556	-0.814042746914
4.4	-22.5496539358	-5.30386167133	-6.60962651583	0.3359685	-0.316893888889	-0.537260802469
4.45	-22.8114533236	-5.691712616	-8.85592990682	0.31899	-0.339951111111	-0.0475859567901
4.5	-23.1081592964	-6.27348903339	-9.0121476509	0.3009825	-0.334234444444	0.718129783951
4.55	-23.4397718543	-6.79708780911	-4.88584454364	0.2834895	-0.278020555556	1.65264598765
4.6	-23.8062909972	-6.91344309261	2.24630338657	0.270284	-0.160066666667	2.36315354938
4.65	-24.1553568476	-6.51589587439	8.12870938472	0.266168	-0.0132436111111	2.47187608025
4.7	-24.469516113	-5.86624554172	9.2330072167	0.270284	0.110236388889	2.06308148148
4.75	-24.7313155008	-5.40082440767	6.2864174009	0.278859	0.197320277778	1.49729027778
4.8	-24.9931148886	-5.25538030322	3.19438347969	0.2910355	0.2563925	0.974056481481
4.85	-25.2549142764	-5.18750638772	1.79919744247	0.3054415	0.291073611111	0.533396759259
4.9	-25.5167136642	-5.0808473775	0.608710512037	0.3208765	0.306699166667	0.162925
4.95	-25.7610597594	-5.04206228311	-1.70223470608	0.3366545	0.306889722222	-0.192831635802
5	-26.0054058547	-5.27477285044	-3.1943834821	0.352261	0.288882222222	-0.571349074074
5.05	-26.284658535	-5.55596478583	-1.07736373904	0.366324	0.250771111111	-0.952936574074
5.1	-26.5813645079	-5.46869832333	2.65031479151	0.378329	0.190555555556	-1.25057376543
5.15	-26.8431638957	-5.1487212935	3.87850945355	0.3860465	0.116143611111	-1.34796882716
5.2	-27.087509991	-4.95479582061	2.5641256938	0.3894765	0.0485916666667	-1.29101388889
5.25	-27.3318560862	-4.89661817889	0.910372354167	0.3905055	-0.0116238888889	-1.23416481481
5.3	-27.5762021815	-4.89661817939	-0.215472750339	0.3884475	-0.0726016666667	-1.20738117284
5.35	-27.8205482768	-4.92570700033	-1.0288823667	0.3833025	-0.133674722222	-1.15667222222
5.4	-28.0648943721	-5.02266973633	-1.42212012707	0.374899	-0.190746111111	-1.0545132716
5.45	-28.3266937599	-5.07115110394	-1.82074471157	0.363923	-0.240671666667	-0.909426388889
5.5	-28.5710398551	-5.148721293	-3.2428648488	0.350546	-0.282975	-0.719241358025
5.55	-28.8328392429	-5.39112813428	-4.88584454503	0.3352825	-0.315655277778	-0.438754166667
5.6	-29.1120919233	-5.64323124839	-6.36183285651	0.3184755	-0.3335675	0.0131800925926
5.65	-29.3913446036	-6.021385919	-7.37994158661	0.3009825	-0.3249925	0.700238734568
5.7	-29.7055038689	-6.51589587372	-5.39759231787	0.2841755	-0.272208611111	1.5436587963
5.75	-30.0545697193	-6.748606441	0.226246380617	0.271313	-0.165211666667	2.23442268519
5.8	-30.4036355697	-6.50619960072	6.14636011062	0.266168	-0.0261061111111	2.42492530864
5.85	-30.7177948351	-5.97290455144	8.93134537	0.269255	0.102518888889	2.06392839506
5.9	-30.9970475154	-5.46869832294	8.50039987522	0.2783445	0.190936666667	1.43869444444
5.95	-31.2588469032	-5.08084737822	6.6042396996	0.2900065	0.240862222222	0.88449537037
6	-31.5031929985	-4.78026289606	3.82464126367	0.3030405	0.271255833333	0.4930625
6.05	-31.7300858013	-4.65421133861	0.280114574043	0.317618	0.2872625	0.186850308642
6.1	-31.956978604	-4.77056662194	-2.75805116327	0.332367	0.288882222222	-0.0842149691358
6.15	-32.2013246993	-5.02266973633	-3.88928308645	0.3469445	0.278592222222	-0.354009876543
6.2	-32.4631240871	-5.22629148233	-3.37214849191	0.3606645	0.255439722222	-0.662339351852
6.25	-32.7249234749	-5.39112813378	-1.80997107509	0.373184	0.214756111111	-1.0031162037
6.3	-33.0041761552	-5.46869832267	0.942693267747	0.383131	0.152539722222	-1.27418148148
6.35	-33.2834288355	-5.31355794489	3.76538625333	0.388962	0.0786041666667	-1.36056666667
6.4	-33.5452282233	-4.97418836844	4.24481311691	0.390677	0.00933722222222	-1.28900246914
6.45	-33.7721210261	-4.78026289606	2.4510025008	0.3894765	-0.0512594444444	-1.17874490741
6.5	-34.0164671214	-4.7317815275	0.366303672562	0.3853605	-0.106711111111	-1.09712361111
6.55	-34.2433599241	-4.76087034833	-1.43828058846	0.378672	-0.158923333333	-1.05244891975
6.6	-34.4877060194	-4.89661817939	-2.69879615978	0.3695825	-0.212183611111	-0.994594135802
6.65	-34.7320521147	-5.06145483094	-3.30750666809	0.357406	-0.262680833333	-0.841143981481
6.7	-34.9938515025	-5.235987756	-3.74383897994	0.3428285	-0.301554166667	-0.565156018519
6.75	-35.2556508903	-5.42021695467	-4.49799359583	0.326536	-0.323182222222	-0.176740277778
6.8	-35.5349035706	-5.65292752156	-5.62922552074	0.309729	-0.323658611111	0.337336265432
6.85	-35.8141562509	-6.00199337222	-5.87701918056	0.293265	-0.297266666667	1.01216759259
6.9	-36.1283155163	-6.41893313806	-2.57489932812	0.278173	-0.227618611111	1.75104675926
6.95	-36.4773813667	-6.40923686411	3.44217713577	0.268226	-0.110522222222	2.2210308642
7	-36.791540632	-5.95351200417	7.12676111123	0.2666825	0.0180075	2.19636450617
7.05	-37.0707933124	-5.48809087044	6.51266378565	0.271313	0.123003611111	1.84230169753
7.1	-37.3325927002	-5.1875063875	3.19977029769	0.2800595	0.202751111111	1.42085632716
7.15	-37.5769387954	-5.15841756667	-0.544068690494	0.292236	0.263347777778	1.01576697531
7.2	-37.8387381832	-5.34264676622	-2.49948387083	0.3071565	0.304221944444	0.616606018519
7.25	-38.1179908636	-5.44930577611	-3.54452668769	0.323449	0.325278333333	0.207546759259
7.3	-38.3797902514	-5.65292752156	-4.96125999781	0.3404275	0.326326388889	-0.239623611111
7.35	-38.6764962242	-5.97290455078	-5.3706582217	0.3568915	0.304793611111	-0.752747376543
7.4	-38.973202197	-6.331666675	-2.79037207895	0.372155	0.253057777778	-1.27926296296
7.45	-39.3222680474	-6.40923686439	2.85501389704	0.3836455	0.169880277778	-1.63644876543
7.5	-39.6364273128	-6.02138591944	7.90246300161	0.389648	0.0748883333333	-1.68133518519
7.55	-39.9331332856	-5.43960950206	9.23300721534	0.3905055	-0.00886083333333	-1.48622746914
7.6	-40.1774793809	-4.90631445306	6.51805060256	0.387933	-0.0747930555556	-1.24062253086
7.65	-40.4043721837	-4.75117407472	2.63415433509	0.3826165	-0.129387222222	-1.05927716049
7.7	-40.6487182789	-4.72208525389	-0.0430945519449	0.3747275	-0.177216666667	-0.956641820988
7.75	-40.8756110817	-4.77056662244	-2.24091657256	0.3647805	-0.222187777778	-0.90593287037
7.8	-41.119957177	-4.94509954761	-4.09398219429	0.3527755	-0.270017222222	-0.796469290123
7.85	-41.3643032723	-5.22629148239	-4.95587318111	0.337512	-0.309938611111	-0.508465740741
7.9	-41.6435559526	-5.50748341717	-4.48721995741	0.3208765	-0.328613055556	-0.0355174382716
7.95	-41.9228086329	-5.66262379511	-3.78154671302	0.303555	-0.319085277778	0.576536419753
8	-42.2020613132	-5.90503063589	-2.3217188508	0.2876055	-0.2744	1.24798009259
8.05	-42.5162205786	-6.04077846644	1.65914015404	0.2744	-0.190650833333	1.80906033951
8.1	-42.8303798439	-5.73049771039	5.34372412815	0.267197	-0.0780325	2.02999891975
8.15	-43.0921792317	-5.33295049217	5.82853780694	0.2670255	0.0287738888889	1.88507083333
8.2	-43.3539786195	-5.08084737822	4.71885315954	0.27097	0.116810555556	1.55948549383
8.25	-43.5983247148	-4.88692190594	3.68997079404	0.2793735	0.186458611111	1.16921712963
8.3	-43.8426708101	-4.72208525439	2.7849852596	0.290521	0.233811666667	0.778048919753
8.35	-44.0695636129	-4.58633742328	1.48676195923	0.303555	0.261728055556	0.443782716049
8.4	-44.2964564156	-4.55724860228	-0.188538651698	0.317275	0.274685833333	0.183833179012
8.45	-44.5233492184	-4.59603369672	-2.02544382287	0.331338	0.278211111111	-0.036099691358
8.5	-44.7502420211	-4.76087034828	-3.6899707966	0.345401	0.272494444444	-0.283504320988
8.55	-44.9945881164	-5.02266973633	-4.12630310994	0.359121	0.2529625	-0.590881018519
8.6	-45.2563875042	-5.22629148239	-3.28057257636	0.371469	0.214851388889	-0.920595061728
8.65	-45.518186892	-5.38143186033	-1.57295105549	0.381416	0.158161111111	-1.18573194444
8.7	-45.7974395723	-5.43960950233	1.0181087308	0.3877615	0.0900375	-1.31705648148
8.75	-46.0766922527	-5.235987756	2.55335205651	0.390334	0.0217233333333	-1.33923503086
8.8	-46.3210383479	-5.03236600967	1.2389682966	0.3898195	-0.0447805555556	-1.32377885802
8.85	-46.5653844432	-5.08084737806	-0.872664626975	0.385875	-0.110903333333	-1.28984938272
8.9	-46.827183831	-5.1972026615	-1.78303698259	0.378672	-0.175215833333	-1.21696188272
8.95	-47.0889832188	-5.27477285044	-2.25707702583	0.3682105	-0.235240833333	-1.07849151235
9	-47.3507826066	-5.41052068106	-2.90349526781	0.3548335	-0.286881388889	-0.847760493827
9.05	-47.6300352869	-5.565661059	-3.68458397821	0.338884	-0.323468055556	-0.517305401235
9.1	-47.9092879672	-5.72080143733	-5.33833731157	0.3219055	-0.343381111111	-0.0486975308642
9.15	-48.1885406476	-6.11834865561	-6.2110019354	0.3037265	-0.338331388889	0.638202314815
9.2	-48.5201532054	-6.50619960028	-3.72229170846	0.2862335	-0.288596388889	1.48188703704
9.25	-48.8517657633	-6.62255488411	1.40057285302	0.272342	-0.183981388889	2.16465817901
9.3	-49.2008316137	-6.35105922294	6.25948330376	0.266511	-0.0496397222222	2.36273009259
9.35	-49.4975375866	-5.83715672089	7.92939709787	0.2680545	0.0735544444444	2.0839367284
9.4	-49.7767902669	-5.43960950206	6.87896745639	0.2752575	0.166736111111	1.58536929012
9.45	-50.0385896547	-5.1196324725	4.75656089673	0.2858905	0.230762777778	1.08383765432
9.5	-50.28293575	-4.94509954694	2.02544382488	0.2992675	0.270874722222	0.671126080247
9.55	-50.5272818452	-4.91601072611	-0.872664628642	0.3136735	0.293265	0.358509104938
9.6	-50.7716279405	-5.00327718917	-4.18017129769	0.328937	0.304888888889	0.0815154320988
9.65	-51.0159740358	-5.33295049228	-7.08366656321	0.3445435	0.304603055556	-0.264342901235
9.7	-51.2952267161	-5.84685299428	-7.05134564935	0.36015	0.284404166667	-0.72929845679
9.75	-51.6093859815	-6.18622257083	-3.83002807864	0.374213	0.234859722222	-1.24432777778
9.8	-51.9235452468	-6.29288158056	0.764928252531	0.3850175	0.154635833333	-1.63173780864
9.85	-52.2551578047	-6.06017101378	4.3740967662	0.390334	0.0589769444444	-1.74358333333
9.9	-52.534410485	-5.70140888972	4.95048636411	0.3905055	-0.0301077777778	-1.61686388889
9.95	-52.8136631653	-5.52687596489	4.32561539904	0.3867325	-0.106044166667	-1.3934904321
10	-53.0929158457	-5.27477285044	3.3290539463	0.379358	-0.168641666667	-1.17556898148
10.05	-53.3372619409	-5.12932874578	0.985787818117	0.369411	-0.220472777778	-1.01544938272
10.1	-53.5990613287	-5.13902501978	-2.09547246861	0.3572345	-0.268492777778	-0.877296604938
10.15	-53.843407424	-5.33295049228	-5.21444048293	0.3424855	-0.312034722222	-0.642860339506
10.2	-54.1226601043	-5.73049771094	-6.81432562877	0.325507	-0.341285	-0.206117592593
10.25	-54.4193660772	-6.09895610839	-6.38338013312	0.307328	-0.343190555556	0.471148611111
10.3	-54.7335253425	-6.42862941139	-4.1693976583	0.289492	-0.302506944444	1.30901080247
10.35	-55.0651379004	-6.63225115772	0.538681865556	0.274743	-0.209039444444	2.0407970679
10.4	-55.4142037508	-6.44802195906	6.41570104611	0.266854	-0.0784136111111	2.33065324074
10.45	-55.7283630162	-5.88563808889	9.9009727338	0.267197	0.0482105555556	2.09828132716
10.5	-56.0076156965	-5.22629148244	8.64584398302	0.273371	0.141106388889	1.6165462963
10.55	-56.2345084993	-4.87722563172	4.29868130772	0.2824605	0.205895277778	1.16747037037
10.6	-56.4788545945	-4.86752935806	0.883438260833	0.2944655	0.253915277778	0.795093055556
10.65	-56.7232006898	-4.88692190578	-0.716446887932	0.3085285	0.284594722222	0.457386265432
10.7	-56.9675467851	-4.935403274	-2.09008564796	0.3236205	0.298600555556	0.143445987654
10.75	-57.2118928804	-5.08084737822	-3.59839487556	0.338884	0.298600555556	-0.171235339506
10.8	-57.4736922682	-5.29416539772	-4.89661817654	0.353976	0.284118333333	-0.538425308642
10.85	-57.735491656	-5.61414242706	-4.88045772228	0.3682105	0.247436388889	-0.950448765432
10.9	-58.0321976288	-5.93411945672	-1.82613153287	0.379701	0.187506666667	-1.31520385802
10.95	-58.3463568942	-5.90503063589	3.10280755855	0.3877615	0.109188333333	-1.52317407407
11	-58.643062867	-5.48809087011	5.46762095843	0.3908485	0.0255344444444	-1.52042160494
11.05	-58.8874089623	-5.16811384072	3.98085900361	0.3898195	-0.0487822222222	-1.38676805556
11.1	-59.1492083501	-5.06145483083	1.31977057781	0.3853605	-0.111189166667	-1.27391682099
11.15	-59.3935544454	-5.02266973606	-1.73455561451	0.378672	-0.1715	-1.2349058642
11.2	-59.6379005406	-5.25538030322	-4.19094493414	0.3685535	-0.236098333333	-1.15937175926
11.25	-59.917153221	-5.5365722385	-4.83736317302	0.3548335	-0.294503611111	-0.932028395062
11.3	-60.1964059013	-5.75958653139	-4.97742045772	0.3383695	-0.335949444444	-0.53720787037
11.35	-60.4931118741	-5.9922970985	-5.55381005682	0.320362	-0.354338055556	0.0269424382716
11.4	-60.789817847	-6.32197040144	-5.58074414985	0.30184	-0.341666111111	0.779213425926
11.45	-61.1214304048	-6.68073252528	-2.90349527	0.284347	-0.283260833333	1.63920123457
11.5	-61.4704962552	-6.75830271467	2.46177613154	0.27097	-0.169880277778	2.29857638889
11.55	-61.8195621056	-6.38984431739	6.79816517062	0.266168	-0.0298219444444	2.45604938272
11.6	-62.1162680785	-5.86624554172	6.81432563046	0.268912	0.0949919444444	2.17979675926
11.65	-62.3955207588	-5.54626851189	3.30211985198	0.2769725	0.192175277778	1.75311111111
11.7	-62.6573201466	-5.517179691	-0.888825082778	0.288806	0.269064444444	1.30869320988
11.75	-62.9365728269	-5.73049771094	-3.3021198509	0.304584	0.325564166667	0.80906712963
11.8	-63.2332787998	-5.93411945694	-3.6791971562	0.3225915	0.352908888889	0.242852469136
11.85	-63.5299847726	-6.12804492922	-2.90888208417	0.340942	0.351575	-0.366501851852
11.9	-63.844144038	-6.31227412783	-0.301661844814	0.3589495	0.318513611111	-0.996605555556
11.95	-64.1757565958	-6.20561511806	3.14051528917	0.374556	0.246864722222	-1.49279104938
12	-64.4724625687	-5.92442318317	5.0851568329	0.384503	0.155016944444	-1.68811049383
12.05	-64.7691685415	-5.60444615344	4.95048636608	0.389648	0.0677425	-1.64894074074
12.1	-65.0309679293	-5.34264676578	2.91965572361	0.3908485	-0.0111475	-1.5437117284
12.15	-65.2927673171	-5.29416539767	0.479426862932	0.3884475	-0.0859405555556	-1.43075462963
12.2	-65.5545667049	-5.37173558656	-0.549455504629	0.382102	-0.155683888889	-1.28752037037
12.25	-65.8338193852	-5.40082440739	-0.517134593642	0.372498	-0.216566388889	-1.10490462963
12.3	-66.095618773	-5.41052068106	-0.673352337037	0.3599785	-0.266587222222	-0.897516666667
12.35	-66.3748714533	-5.42991322844	-1.6537533383	0.3455725	-0.3078425	-0.63539691358
12.4	-66.6366708411	-5.5171796915	-3.64148942858	0.3287655	-0.33614	-0.230519290123
12.45	-66.9159235215	-5.8080679	-5.01512818731	0.3109295	-0.338617222222	0.351786728395
12.5	-67.2126294943	-6.16683002367	-3.32366712197	0.293608	-0.307270833333	1.06202962963
12.55	-67.5442420522	-6.283185307	1.23358147716	0.2783445	-0.232477777778	1.74019567901
12.6	-67.8584013175	-6.03108219306	5.62383869839	0.268569	-0.119287777778	2.10272762346
12.65	-68.1551072904	-5.59474988033	7.47151750772	0.2663395	-0.00200083333333	2.02518209877
12.7	-68.4169066782	-5.15841756711	6.64733425293	0.2694265	0.0945155555556	1.66826095679
12.75	-68.6612527735	-4.90631445256	5.09593047151	0.276801	0.166640833333	1.22971851852
12.8	-68.9055988687	-4.70269270661	4.37409676441	0.2869195	0.216471111111	0.801974228395
12.85	-69.1324916715	-4.49907096106	4.10475583185	0.2992675	0.245340277778	0.421392438272
12.9	-69.3593844743	-4.24696784667	2.93042936386	0.3123015	0.254582222222	0.140534722222
12.95	-69.551370692	-4.12091628922	0.0430945510191	0.325164	0.253057777778	-0.00709290123458
13	-69.7608102022	-4.22757529928	-3.33982758043	0.337512	0.250771111111	-0.090937345679
13.05	-69.9702497125	-4.46028586611	-6.64733424815	0.350203	0.247245833333	-0.24052345679
13.1	-70.1971425152	-4.91601072611	-9.22762039694	0.3627225	0.232287222222	-0.51619382716
13.15	-70.458941903	-5.4493057755	-10.0302563823	0.3740415	0.200845555556	-0.910432098765
13.2	-70.7381945833	-6.031082193	-8.19335121287	0.383817	0.144631666667	-1.36210169753
13.25	-71.0698071412	-6.41893313806	-3.34521439966	0.3898195	0.0599297222222	-1.70076126543
13.3	-71.4014196991	-6.37045176967	1.52985650543	0.390334	-0.0371583333333	-1.78989891975
13.35	-71.7155789644	-6.11834865561	3.37214849247	0.3857035	-0.127958055556	-1.67413641975
13.4	-72.0122849373	-5.87594181517	1.85845244491	0.376957	-0.206562222222	-1.47765246914
13.45	-72.2915376176	-5.86624554122	-1.17432647238	0.3647805	-0.276400833333	-1.23003611111
13.5	-72.5882435904	-6.06986728756	-2.94120300114	0.3490025	-0.335187222222	-0.843949382716
13.55	-72.9024028558	-6.24440021306	-2.97891072877	0.330309	-0.369773055556	-0.252486111111
13.6	-73.2165621212	-6.36075549611	-2.4779365892	0.3105865	-0.368153333333	0.51492345679
13.65	-73.5307213865	-6.55468096833	-0.387850944506	0.2917215	-0.321943611111	1.34304614198
13.7	-73.8797872369	-6.55468096861	4.3956440408	0.2762865	-0.227713888889	2.00580895062
13.75	-74.2113997948	-6.07956356111	8.33879531432	0.26754	-0.102423611111	2.25009058642
13.8	-74.4906524751	-5.517179691	8.34418213207	0.266511	0.0162925	2.06879814815
13.85	-74.7524518629	-5.13902501994	5.94166100099	0.270284	0.111665555556	1.68583441358
13.9	-74.9967979582	-4.935403274	3.39369576787	0.278516	0.185124722222	1.26513009259
13.95	-75.2411440535	-4.85783308494	1.83151835367	0.2896635	0.236574722222	0.875179320988
14	-75.4854901488	-4.76087034833	0.538681870123	0.302869	0.270303055556	0.538160648148
14.05	-75.7123829515	-4.77056662194	-1.22280784154	0.317275	0.288596388889	0.242217283951
14.1	-75.9567290468	-4.89661817939	-2.72034343444	0.3321955	0.294217777778	-0.0452569444444
14.15	-76.2010751421	-5.07115110456	-3.56068714546	0.3472875	0.284880555556	-0.354274537037
14.2	-76.4628745299	-5.27477285044	-3.52297941306	0.361179	0.260965833333	-0.705531944444
14.25	-76.7246739177	-5.50748341711	-1.5675642338	0.374213	0.216566388889	-1.07965601852
14.3	-77.0213798905	-5.55596478517	2.66108842543	0.3839885	0.147966388889	-1.33203626543
14.35	-77.3006325708	-5.20689893511	6.10326555926	0.389305	0.0722205555556	-1.35093302469
14.4	-77.5449786661	-4.78026289606	6.27025694093	0.390677	0.00581194444444	-1.21002777778
14.45	-77.7718714689	-4.46998213994	4.01317991701	0.389305	-0.0482105555556	-1.05737160494
14.5	-77.9813109791	-4.38271567728	1.46521468191	0.3857035	-0.0969927777778	-0.955477314815
14.55	-78.2082037819	-4.37301940361	-0.242406839414	0.3795295	-0.142726111111	-0.881584104938
14.6	-78.4176432921	-4.41180449806	-1.69684788281	0.3712975	-0.18522	-0.813037037037
14.65	-78.6445360949	-4.54755232867	-2.96813709167	0.360836	-0.223902777778	-0.742637345679
14.7	-78.8714288976	-4.72208525383	-4.00779309858	0.348831	-0.259917777778	-0.647941820988
14.75	-79.1157749929	-4.93540327383	-5.22521411966	0.334768	-0.292312222222	-0.456751080247
14.8	-79.3601210882	-5.24568402961	-6.36183285935	0.3191615	-0.312701666667	-0.0888200617284
14.85	-79.6393737685	-5.59474987989	-6.88435427256	0.3026975	-0.310891388889	0.50290787037
14.9	-79.9186264488	-5.96320827778	-6.38876695472	0.2865765	-0.271351111111	1.27026450617
14.95	-80.2327857142	-6.34136294917	-3.45295077204	0.273371	-0.182266388889	1.97182654321
15	-80.5643982721	-6.43832568494	1.90154699432	0.2666825	-0.0569761111111	2.29127175926
15.05	-80.8960108299	-6.13774120283	6.67965515889	0.2677115	0.0693622222222	2.1223654321
15.1	-81.1927168028	-5.55596478594	7.15908202278	0.275086	0.166450277778	1.67810632716
15.15	-81.4370628981	-5.22629148261	3.57146078599	0.2855475	0.235336111111	1.22474290123
15.2	-81.6988622859	-5.22629148244	-0.123896826759	0.2992675	0.285261666667	0.830292901235
15.25	-81.9606616737	-5.29416539767	-2.88194799015	0.3147025	0.317846666667	0.446588117284
15.3	-82.2224610615	-5.50748341717	-5.2467613909	0.331681	0.332805277778	0.00375817901236
15.35	-82.5017137418	-5.89533436183	-5.71541461923	0.3490025	0.322229444444	-0.519846141975
15.4	-82.8158730071	-6.20561511806	-3.43679032074	0.3651235	0.281736388889	-1.0545662037
15.45	-83.1300322725	-6.32197040189	0.57100277929	0.378329	0.213231666667	-1.49453780864
15.5	-83.4616448304	-6.14743747639	4.33100222022	0.3874185	0.123003611111	-1.72198703704
15.55	-83.7583508032	-5.72080143683	4.76733453179	0.390677	0.0300125	-1.70727191358
15.6	-84.020150191	-5.52687596444	2.3702002171	0.3898195	-0.0521169444444	-1.57388302469
15.65	-84.2994028713	-5.54626851178	0.764928248148	0.385189	-0.126814722222	-1.4235029321
15.7	-84.5786555516	-5.53657223867	0.597936870093	0.376957	-0.195128888889	-1.25105015432
15.75	-84.857908232	-5.45900204978	0.0915759200305	0.365295	-0.253915277778	-1.03371095679
15.8	-85.1197076198	-5.46869832289	-1.4490542196	0.3510605	-0.300410833333	-0.758411111111
15.85	-85.3989603001	-5.60444615333	-3.01661845784	0.334768	-0.333091111111	-0.385292746914
15.9	-85.6782129804	-5.79837162572	-3.85696217608	0.3171035	-0.34643	0.15948441358
15.95	-85.9749189532	-6.06017101389	-2.97352391466	0.298753	-0.325468888889	0.8703625
16	-86.2890782186	-6.19591884494	0.113123192191	0.282632	-0.2598225	1.5690132716
16.05	-86.603237484	-6.11834865556	4.49260678083	0.2711415	-0.157208333333	2.00718518519
16.1	-86.9173967493	-5.70140888961	7.73008480395	0.2663395	-0.0408741666667	2.04566682099
16.15	-87.1791961371	-5.16811384072	7.30452612685	0.267883	0.0601202777778	1.78841682099
16.2	-87.4235422324	-4.83844053772	4.05627446657	0.273371	0.139200833333	1.46076712963
16.25	-87.6504350352	-4.77056662194	0.646418243766	0.282289	0.203703888889	1.15868364198
16.3	-87.8947811304	-4.85783308444	-1.29283648448	0.2941225	0.255916111111	0.847125308642
16.35	-88.1391272257	-4.92570700022	-2.64492797411	0.3087	0.289549166667	0.518999228395
16.4	-88.383473321	-5.09054365183	-4.46567268543	0.323792	0.306032222222	0.209611111111
16.45	-88.6452727088	-5.34264676594	-6.55575833164	0.33957	0.311844166667	-0.142969598765
16.5	-88.9070720966	-5.78867535261	-7.44997023049	0.355691	0.297933611111	-0.618299845679
16.55	-89.221231362	-6.26379275972	-4.84274998982	0.3706115	0.254296388889	-1.16577654321
16.6	-89.5528439198	-6.36075549589	-0.436332313365	0.3826165	0.177216666667	-1.61368796296
16.65	-89.8670031852	-6.23470393894	2.68263569991	0.3891335	0.0809861111111	-1.80323780864
16.7	-90.1811624505	-5.982600825	3.53913987074	0.3905055	-0.0133388888889	-1.75549305556
16.75	-90.4604151309	-5.80806789983	2.69879615978	0.3874185	-0.0991841666667	-1.5822992284
16.8	-90.7571211037	-5.73049771044	1.87999971981	0.380044	-0.172452777778	-1.37088842593
16.85	-91.036373784	-5.62383870072	0.991174633827	0.369754	-0.235050277778	-1.16651759259
16.9	-91.3156264643	-5.60444615394	-0.457879590216	0.356377	-0.290787777778	-0.914666666667
16.95	-91.5948791447	-5.64323124844	-2.48871022781	0.3400845	-0.331471388889	-0.5445125
17	-91.874131825	-5.82746044678	-4.88584454	0.32242	-0.351193888889	-0.0212787037037
17.05	-92.1708377978	-6.16683002372	-6.05478419574	0.303898	-0.341570833333	0.683141666667
17.1	-92.4849970632	-6.574073516	-3.92160399741	0.2865765	-0.289358611111	1.49427314815
17.15	-92.8340629136	-6.79708780906	2.76882480293	0.272685	-0.186744444444	2.14427932099
17.2	-93.2005820565	-6.32197040144	9.78784953985	0.2663395	-0.0518311111111	2.29148348765
17.25	-93.4798347368	-5.54626851178	11.5762733393	0.2683975	0.0666944444444	1.91709475309
17.3	-93.7416341246	-4.97418836833	9.13065766015	0.2749145	0.145965555556	1.37173533951
17.35	-93.9685269274	-4.6057299705	5.34372413028	0.2841755	0.196176944444	0.951348611111
17.4	-94.1954197301	-4.44089331894	1.35209148895	0.29498	0.232477777778	0.709766512346
17.45	-94.4048592404	-4.46998213978	-2.44561567951	0.3074995	0.26411	0.542554012346
17.5	-94.6317520431	-4.73178152744	-5.11747774577	0.3215625	0.289739722222	0.315687037037
17.55	-94.8760981384	-5.06145483083	-5.92550054855	0.3369975	0.301554166667	-0.0392756172839
17.6	-95.1378975262	-5.39112813394	-4.98280727997	0.352604	0.291073611111	-0.504125308642
17.65	-95.4171502065	-5.64323124839	-2.23014293444	0.367353	0.251628611111	-0.97156867284
17.7	-95.7138561794	-5.652927522	1.21742102269	0.3788435	0.187220833333	-1.29244305556
17.75	-95.9931088597	-5.43960950206	3.04893937364	0.3863895	0.113571111111	-1.41656882716
17.8	-96.2549082475	-5.25538030328	2.89272163086	0.3901625	0.0395402777778	-1.3976720679
17.85	-96.5167076353	-5.109936199	1.60527196722	0.389991	-0.0277258333333	-1.33182453704
17.9	-96.7610537306	-5.08084737806	-0.199312288765	0.387247	-0.0915619444444	-1.29884783951
17.95	-97.0228531184	-5.11963247217	-2.25169020731	0.3809015	-0.156160277778	-1.29186080247
18	-97.2671992136	-5.29416539767	-4.45489904935	0.3716405	-0.220949166667	-1.26708858025
18.05	-97.546451894	-5.59474988017	-6.03323691944	0.3589495	-0.286976666667	-1.12867114198
18.1	-97.8257045743	-5.93411945644	-6.82509926522	0.342657	-0.343571666667	-0.755341049383
18.15	-98.1398638396	-6.29288158067	-6.98131700966	0.3236205	-0.375108611111	-0.0882907407407
18.2	-98.454023105	-6.66133997856	-5.96320827762	0.3033835	-0.3627225	0.80949058642
18.25	-98.8030889554	-7.02010210239	-1.96618881426	0.2852045	-0.297266666667	1.74104259259
18.3	-99.1696080983	-7.03949464939	5.42452641549	0.2711415	-0.176645	2.36971712963
18.35	-99.5361272412	-6.46741450556	12.3142675096	0.2663395	-0.0312511111111	2.37167561728
18.4	-99.8328332141	-5.54626850994	13.9303131036	0.269598	0.084035	1.86024567901
18.45	-100.077179309	-4.84813681011	10.6120327793	0.276801	0.155969722222	1.26804135802
18.5	-100.304072112	-4.45058959306	5.95243461525	0.2862335	0.200464444444	0.855223919753
18.55	-100.513511622	-4.28575294383	1.73994242407	0.297038	0.234859722222	0.595644907407
18.6	-100.722951133	-4.34393058389	-1.17432646704	0.310072	0.259631944444	0.377405864198
18.65	-100.949843935	-4.42150077278	-3.67919715858	0.3236205	0.271351111111	0.187591358025
18.7	-101.159283446	-4.65421134111	-7.01902472657	0.3373405	0.277544166667	-0.00476388888892
18.75	-101.403629541	-5.12932874611	-9.92251998148	0.351575	0.275638611111	-0.307747222222
18.8	-101.665428929	-5.74989025667	-10.4127204904	0.365638	0.254582222222	-0.77175
18.85	-101.979588194	-6.33166667333	-7.28297885494	0.378329	0.202846388889	-1.31308657407
18.9	-102.311200752	-6.61285860889	-1.31438377839	0.3874185	0.117858611111	-1.72399845679
18.95	-102.660266602	-6.46741450722	4.55724858426	0.3908485	0.0163877777778	-1.83224459877
19	-102.974425868	-5.98260082667	6.73891017778	0.388619	-0.0777466666667	-1.66942546296
19.05	-103.253678548	-5.57535733222	4.35254951821	0.382102	-0.152444444444	-1.43663009259
19.1	-103.515477936	-5.48809086833	0.290888226543	0.3730125	-0.217138055556	-1.26375385802
19.15	-103.794730616	-5.60444615	-3.04355256698	0.3603215	-0.277639444444	-1.09892330247
19.2	-104.073983296	-5.81776417278	-5.81237739506	0.345058	-0.331471388889	-0.815101388889
19.25	-104.370689269	-6.17652630111	-8.38188987407	0.3267075	-0.37044	-0.258202777778
19.3	-104.684848535	-6.69042880056	-9.63701858148	0.306642	-0.372821944444	0.642436882716
19.35	-105.033914385	-7.28190148667	-7.38532839228	0.287091	-0.317370277778	1.7451183642
19.4	-105.41788682	-7.68914498167	0.129283636729	0.271656	-0.190555555556	2.62728472222
19.45	-105.836765841	-7.3885605	9.73398134753	0.2659965	-0.0216280555556	2.79492067901
19.5	-106.185831691	-6.48680705222	14.695241346	0.2707985	0.122908333333	2.23341697531
19.55	-106.482537664	-5.59474988	12.9391384407	0.2810885	0.209801666667	1.43922376543
19.6	-106.726883759	-5.05175856	7.65466932099	0.2934365	0.255344444444	0.830292901235
19.65	-106.971229855	-4.88692190889	2.81730617253	0.3071565	0.282212777778	0.447646759259
19.7	-107.21557595	-4.81904799167	-0.975014166975	0.322077	0.296599722222	0.162977932099
19.75	-107.442468753	-4.98388464389	-4.26851509759	0.337169	0.300125	-0.137919876543
19.8	-107.704268141	-5.342646765	-5.47677851901	0.3527755	0.286405	-0.494666342593
19.85	-107.983520821	-5.60444615056	-4.99411958605	0.3668385	0.248770277778	-0.798793009259
19.9	-108.262773501	-5.87012405067	-3.76700228093	0.378329	0.199168666667	-0.943901064815
19.95	-108.576932767	-6.00684150611	-2.01413143509	0.386904	0.146299027778	-0.938464938272
20	-108.873638739	-5.99229708889	-0.692744775554	0.390677	0.105377222222	-0.881181820988
